id, name, category, price, aisle, bin
3,gtr,23,21.0,12,21
34,gfb,3,12.0,12,21
34,gfb,3,12.0,12,21
34,gfb,3,12.0,12,21
34,gfb,3,12.0,12,21
34,gfb,3,12.0,12,21
34,gfb,3,12.0,12,21
34,gfb,3,12.0,12,21
34,gfb,3,12.0,12,21
34,gfb,3,12.0,12,21
34,gfb,3,12.0,12,21
34,gfb,3,12.0,12,21
34,gfb,3,12.0,12,21
34,gfb,3,12.0,12,21
34,gfb,3,12.0,12,21
34,gfb,3,12.0,12,21
34,gfb,3,12.0,12,21
34,gfb,3,12.0,12,21
34,gfb,3,12.0,12,21
34,gfb,3,12.0,12,21
34,gfb,3,12.0,12,21
34,gfb,3,12.0,12,21
34,gfb,3,12.0,12,21
34,gfb,3,12.0,12,21
34,gfb,3,12.0,12,21